0.000000	0.000000
0.010000	0.000000
0.020000	164.813778
0.030000	164.813778
0.040000	164.813778
0.050000	164.813778
0.060000	0.000000
0.070000	0.000000
0.080000	167.211050
0.090000	169.643191
0.100000	174.614116
0.110000	174.614116
0.120000	174.614116
0.130000	174.614116
0.140000	174.614116
0.150000	174.614116
0.160000	174.614116
0.170000	177.153937
0.180000	177.153937
0.190000	177.153937
0.200000	177.153937
0.210000	177.153937
0.220000	177.153937
0.230000	179.730700
0.240000	0.000000
0.250000	179.730700
0.260000	179.730700
0.270000	179.730700
0.280000	179.730700
0.290000	177.153937
0.300000	177.153937
0.310000	177.153937
0.320000	177.153937
0.330000	177.153937
0.340000	177.153937
0.350000	177.153937
0.360000	0.000000
0.370000	0.000000
0.380000	0.000000
0.390000	0.000000
0.400000	0.000000
0.410000	0.000000
0.420000	174.614116
0.430000	174.614116
0.440000	174.614116
0.450000	174.614116
0.460000	174.614116
0.470000	174.614116
0.480000	174.614116
0.490000	174.614116
0.500000	179.730700
0.510000	179.730700
0.520000	179.730700
0.530000	177.153937
0.540000	177.153937
0.550000	177.153937
0.560000	177.153937
0.570000	177.153937
0.580000	177.153937
0.590000	174.614116
0.600000	174.614116
0.610000	174.614116
0.620000	0.000000
0.630000	177.153937
0.640000	177.153937
0.650000	177.153937
0.660000	179.730700
0.670000	179.730700
0.680000	179.730700
0.690000	179.730700
0.700000	179.730700
0.710000	179.730700
0.720000	179.730700
0.730000	179.730700
0.740000	0.000000
0.750000	179.730700
0.760000	177.153937
0.770000	177.153937
0.780000	179.730700
0.790000	179.730700
0.800000	179.730700
0.810000	177.153937
0.820000	177.153937
0.830000	174.614116
0.840000	174.614116
0.850000	174.614116
0.860000	174.614116
0.870000	172.110708
0.880000	155.563492
0.890000	155.563492
0.900000	155.563492
0.910000	0.000000
0.920000	0.000000
0.930000	0.000000
0.940000	0.000000
0.950000	0.000000
0.960000	155.563492
0.970000	190.418043
0.980000	195.997718
0.990000	195.997718
1.000000	201.740890
1.010000	201.740890
1.020000	201.740890
1.030000	201.740890
1.040000	201.740890
1.050000	198.848570
1.060000	198.848570
1.070000	198.848570
1.080000	198.848570
1.090000	198.848570
1.100000	198.848570
1.110000	198.848570
1.120000	198.848570
1.130000	198.848570
1.140000	198.848570
1.150000	198.848570
1.160000	198.848570
1.170000	198.848570
1.180000	198.848570
1.190000	198.848570
1.200000	198.848570
1.210000	198.848570
1.220000	198.848570
1.230000	198.848570
1.240000	198.848570
1.250000	198.848570
1.260000	198.848570
1.270000	198.848570
1.280000	198.848570
1.290000	198.848570
1.300000	195.997718
1.310000	195.997718
1.320000	195.997718
1.330000	195.997718
1.340000	193.187738
1.350000	187.688058
1.360000	187.688058
1.370000	187.688058
1.380000	174.614116
1.390000	0.000000
1.400000	0.000000
1.410000	0.000000
1.420000	0.000000
1.430000	0.000000
1.440000	0.000000
1.450000	0.000000
1.460000	198.848570
1.470000	201.740890
1.480000	201.740890
1.490000	201.740890
1.500000	201.740890
1.510000	201.740890
1.520000	201.740890
1.530000	201.740890
1.540000	207.652349
1.550000	207.652349
1.560000	207.652349
1.570000	213.737027
1.580000	213.737027
1.590000	220.000000
1.600000	220.000000
1.610000	220.000000
1.620000	220.000000
1.630000	220.000000
1.640000	220.000000
1.650000	220.000000
1.660000	220.000000
1.670000	216.845904
1.680000	216.845904
1.690000	216.845904
1.700000	216.845904
1.710000	220.000000
1.720000	220.000000
1.730000	220.000000
1.740000	220.000000
1.750000	220.000000
1.760000	220.000000
1.770000	216.845904
1.780000	216.845904
1.790000	216.845904
1.800000	216.845904
1.810000	213.737027
1.820000	207.652349
1.830000	201.740890
1.840000	201.740890
1.850000	201.740890
1.860000	201.740890
1.870000	0.000000
1.880000	0.000000
1.890000	198.848570
1.900000	198.848570
1.910000	198.848570
1.920000	198.848570
1.930000	195.997718
1.940000	195.997718
1.950000	195.997718
1.960000	0.000000
1.970000	195.997718
1.980000	195.997718
1.990000	195.997718
2.000000	195.997718
2.010000	195.997718
2.020000	195.997718
2.030000	195.997718
2.040000	195.997718
2.050000	195.997718
2.060000	195.997718
2.070000	195.997718
2.080000	195.997718
2.090000	195.997718
2.100000	195.997718
2.110000	0.000000
2.120000	0.000000
2.130000	0.000000
2.140000	0.000000
2.150000	0.000000
2.160000	195.997718
2.170000	195.997718
2.180000	195.997718
2.190000	195.997718
2.200000	195.997718
2.210000	195.997718
2.220000	195.997718
2.230000	195.997718
2.240000	195.997718
2.250000	195.997718
2.260000	0.000000
2.270000	0.000000
2.280000	0.000000
2.290000	0.000000
2.300000	0.000000
2.310000	0.000000
2.320000	195.997718
2.330000	195.997718
2.340000	195.997718
2.350000	0.000000
2.360000	0.000000
2.370000	0.000000
2.380000	0.000000
2.390000	0.000000
2.400000	0.000000
2.410000	0.000000
2.420000	0.000000
2.430000	0.000000
2.440000	0.000000
2.450000	0.000000
2.460000	0.000000
2.470000	0.000000
2.480000	0.000000
2.490000	0.000000
2.500000	0.000000
2.510000	0.000000
2.520000	0.000000
2.530000	198.848570
2.540000	198.848570
2.550000	198.848570
2.560000	198.848570
2.570000	198.848570
2.580000	0.000000
2.590000	0.000000
2.600000	0.000000
2.610000	0.000000
2.620000	198.848570
2.630000	198.848570
2.640000	201.740890
2.650000	201.740890
2.660000	190.418043
2.670000	184.997211
2.680000	184.997211
2.690000	179.730700
2.700000	0.000000
2.710000	0.000000
2.720000	0.000000
2.730000	0.000000
2.740000	0.000000
2.750000	0.000000
2.760000	0.000000
2.770000	0.000000
2.780000	0.000000
2.790000	128.937346
2.800000	128.937346
2.810000	130.812783
2.820000	0.000000
2.830000	0.000000
2.840000	179.730700
2.850000	179.730700
2.860000	179.730700
2.870000	179.730700
2.880000	177.153937
2.890000	177.153937
2.900000	174.614116
2.910000	174.614116
2.920000	174.614116
2.930000	174.614116
2.940000	174.614116
2.950000	174.614116
2.960000	0.000000
2.970000	0.000000
2.980000	174.614116
2.990000	174.614116
3.000000	0.000000
3.010000	0.000000
3.020000	177.153937
3.030000	177.153937
3.040000	177.153937
3.050000	177.153937
3.060000	177.153937
3.070000	0.000000
3.080000	0.000000
3.090000	0.000000
3.100000	0.000000
3.110000	0.000000
3.120000	0.000000
3.130000	177.153937
3.140000	177.153937
3.150000	179.730700
3.160000	0.000000
3.170000	0.000000
3.180000	0.000000
3.190000	0.000000
3.200000	0.000000
3.210000	0.000000
3.220000	0.000000
3.230000	0.000000
3.240000	0.000000
3.250000	138.591315
3.260000	138.591315
3.270000	0.000000
3.280000	0.000000
3.290000	0.000000
3.300000	0.000000
3.310000	0.000000
3.320000	0.000000
3.330000	0.000000
3.340000	0.000000
3.350000	0.000000
3.360000	0.000000
3.370000	0.000000
3.380000	0.000000
3.390000	0.000000
3.400000	0.000000
3.410000	0.000000
3.420000	0.000000
3.430000	0.000000
3.440000	0.000000
3.450000	0.000000
3.460000	0.000000
3.470000	0.000000
3.480000	0.000000
3.490000	0.000000
3.500000	0.000000
3.510000	0.000000
3.520000	0.000000
3.530000	0.000000
3.540000	0.000000
3.550000	0.000000
3.560000	0.000000
3.570000	0.000000
3.580000	0.000000
3.590000	0.000000
3.600000	0.000000
3.610000	0.000000
3.620000	0.000000
3.630000	0.000000
3.640000	0.000000
3.650000	0.000000
3.660000	0.000000
3.670000	0.000000
3.680000	0.000000
3.690000	0.000000
3.700000	0.000000
3.710000	0.000000
3.720000	0.000000
3.730000	187.688058
3.740000	184.997211
3.750000	184.997211
3.760000	187.688058
3.770000	190.418043
3.780000	190.418043
3.790000	193.187738
3.800000	195.997718
3.810000	195.997718
3.820000	195.997718
3.830000	198.848570
3.840000	201.740890
3.850000	201.740890
3.860000	204.675278
3.870000	207.652349
3.880000	207.652349
3.890000	207.652349
3.900000	207.652349
3.910000	207.652349
3.920000	207.652349
3.930000	207.652349
3.940000	207.652349
3.950000	207.652349
3.960000	207.652349
3.970000	207.652349
3.980000	207.652349
3.990000	207.652349
4.000000	207.652349
4.010000	207.652349
4.020000	207.652349
4.030000	207.652349
4.040000	207.652349
4.050000	207.652349
4.060000	207.652349
4.070000	207.652349
4.080000	207.652349
4.090000	207.652349
4.100000	207.652349
4.110000	207.652349
4.120000	207.652349
4.130000	207.652349
4.140000	207.652349
4.150000	207.652349
4.160000	207.652349
4.170000	0.000000
4.180000	0.000000
4.190000	207.652349
4.200000	207.652349
4.210000	0.000000
4.220000	0.000000
4.230000	0.000000
4.240000	0.000000
4.250000	0.000000
4.260000	0.000000
4.270000	0.000000
4.280000	0.000000
4.290000	0.000000
4.300000	0.000000
4.310000	0.000000
4.320000	0.000000
4.330000	0.000000
4.340000	207.652349
4.350000	207.652349
4.360000	207.652349
4.370000	207.652349
4.380000	207.652349
4.390000	207.652349
4.400000	204.675278
4.410000	204.675278
4.420000	207.652349
4.430000	207.652349
4.440000	207.652349
4.450000	207.652349
4.460000	207.652349
4.470000	207.652349
4.480000	207.652349
4.490000	207.652349
4.500000	207.652349
4.510000	207.652349
4.520000	0.000000
4.530000	0.000000
4.540000	0.000000
4.550000	0.000000
4.560000	207.652349
4.570000	195.997718
4.580000	195.997718
4.590000	195.997718
4.600000	195.997718
4.610000	195.997718
4.620000	193.187738
4.630000	187.688058
4.640000	187.688058
4.650000	187.688058
4.660000	187.688058
4.670000	187.688058
4.680000	190.418043
4.690000	190.418043
4.700000	190.418043
4.710000	195.997718
4.720000	195.997718
4.730000	198.848570
4.740000	201.740890
4.750000	201.740890
4.760000	207.652349
4.770000	207.652349
4.780000	207.652349
4.790000	207.652349
4.800000	207.652349
4.810000	207.652349
4.820000	207.652349
4.830000	207.652349
4.840000	207.652349
4.850000	207.652349
4.860000	207.652349
4.870000	207.652349
4.880000	207.652349
4.890000	207.652349
4.900000	207.652349
4.910000	207.652349
4.920000	207.652349
4.930000	207.652349
4.940000	207.652349
4.950000	207.652349
4.960000	207.652349
4.970000	207.652349
4.980000	207.652349
4.990000	207.652349
5.000000	207.652349
5.010000	207.652349
5.020000	207.652349
5.030000	207.652349
5.040000	207.652349
5.050000	207.652349
5.060000	0.000000
5.070000	0.000000
5.080000	0.000000
5.090000	0.000000
5.100000	0.000000
5.110000	0.000000
5.120000	207.652349
5.130000	207.652349
5.140000	207.652349
5.150000	207.652349
5.160000	207.652349
5.170000	0.000000
5.180000	0.000000
5.190000	0.000000
5.200000	207.652349
5.210000	207.652349
5.220000	207.652349
5.230000	207.652349
5.240000	207.652349
5.250000	207.652349
5.260000	207.652349
5.270000	201.740890
5.280000	201.740890
5.290000	198.848570
5.300000	195.997718
5.310000	195.997718
5.320000	195.997718
5.330000	195.997718
5.340000	198.848570
5.350000	198.848570
5.360000	198.848570
5.370000	198.848570
5.380000	198.848570
5.390000	198.848570
5.400000	198.848570
5.410000	195.997718
5.420000	195.997718
5.430000	198.848570
5.440000	198.848570
5.450000	198.848570
5.460000	198.848570
5.470000	198.848570
5.480000	198.848570
5.490000	198.848570
5.500000	198.848570
5.510000	201.740890
5.520000	201.740890
5.530000	0.000000
5.540000	195.997718
5.550000	195.997718
5.560000	198.848570
5.570000	198.848570
5.580000	198.848570
5.590000	198.848570
5.600000	198.848570
5.610000	195.997718
5.620000	195.997718
5.630000	195.997718
5.640000	195.997718
5.650000	195.997718
5.660000	195.997718
5.670000	195.997718
5.680000	0.000000
5.690000	0.000000
5.700000	195.997718
5.710000	195.997718
5.720000	0.000000
5.730000	0.000000
5.740000	0.000000
5.750000	0.000000
5.760000	0.000000
5.770000	0.000000
5.780000	0.000000
5.790000	0.000000
5.800000	0.000000
5.810000	0.000000
5.820000	0.000000
5.830000	198.848570
5.840000	198.848570
5.850000	198.848570
5.860000	198.848570
5.870000	198.848570
5.880000	198.848570
5.890000	198.848570
5.900000	198.848570
5.910000	198.848570
5.920000	201.740890
5.930000	201.740890
5.940000	201.740890
5.950000	201.740890
5.960000	207.652349
5.970000	207.652349
5.980000	207.652349
5.990000	213.737027
6.000000	213.737027
6.010000	213.737027
6.020000	213.737027
6.030000	213.737027
6.040000	210.672722
6.050000	207.652349
6.060000	207.652349
6.070000	207.652349
6.080000	207.652349
6.090000	207.652349
6.100000	207.652349
6.110000	207.652349
6.120000	207.652349
6.130000	207.652349
6.140000	207.652349
6.150000	207.652349
6.160000	207.652349
6.170000	207.652349
6.180000	207.652349
6.190000	207.652349
6.200000	207.652349
6.210000	0.000000
6.220000	0.000000
6.230000	207.652349
6.240000	207.652349
6.250000	207.652349
6.260000	213.737027
6.270000	213.737027
6.280000	213.737027
6.290000	213.737027
6.300000	213.737027
6.310000	213.737027
6.320000	213.737027
6.330000	207.652349
6.340000	207.652349
6.350000	207.652349
6.360000	204.675278
6.370000	198.848570
6.380000	195.997718
6.390000	190.418043
6.400000	184.997211
6.410000	184.997211
6.420000	184.997211
6.430000	0.000000
6.440000	174.614116
6.450000	174.614116
6.460000	174.614116
6.470000	174.614116
6.480000	174.614116
6.490000	177.153937
6.500000	179.730700
6.510000	184.997211
6.520000	184.997211
6.530000	187.688058
6.540000	190.418043
6.550000	195.997718
6.560000	195.997718
6.570000	195.997718
6.580000	198.848570
6.590000	198.848570
6.600000	198.848570
6.610000	198.848570
6.620000	198.848570
6.630000	198.848570
6.640000	198.848570
6.650000	198.848570
6.660000	198.848570
6.670000	198.848570
6.680000	198.848570
6.690000	198.848570
6.700000	0.000000
6.710000	0.000000
6.720000	198.848570
6.730000	198.848570
6.740000	198.848570
6.750000	198.848570
6.760000	198.848570
6.770000	195.997718
6.780000	195.997718
6.790000	195.997718
6.800000	190.418043
6.810000	184.997211
6.820000	184.997211
6.830000	0.000000
6.840000	0.000000
6.850000	182.344943
6.860000	182.344943
6.870000	179.730700
6.880000	179.730700
6.890000	174.614116
6.900000	174.614116
6.910000	174.614116
6.920000	174.614116
6.930000	174.614116
6.940000	179.730700
6.950000	0.000000
6.960000	0.000000
6.970000	0.000000
6.980000	177.153937
6.990000	177.153937
7.000000	177.153937
7.010000	177.153937
7.020000	177.153937
7.030000	177.153937
7.040000	177.153937
7.050000	177.153937
7.060000	177.153937
7.070000	177.153937
7.080000	179.730700
7.090000	179.730700
7.100000	179.730700
7.110000	179.730700
7.120000	179.730700
7.130000	179.730700
7.140000	179.730700
7.150000	179.730700
7.160000	179.730700
7.170000	177.153937
7.180000	177.153937
7.190000	177.153937
7.200000	177.153937
7.210000	177.153937
7.220000	177.153937
7.230000	177.153937
7.240000	177.153937
7.250000	179.730700
7.260000	179.730700
7.270000	179.730700
7.280000	179.730700
7.290000	179.730700
7.300000	179.730700
7.310000	179.730700
7.320000	179.730700
7.330000	179.730700
7.340000	177.153937
7.350000	177.153937
7.360000	177.153937
7.370000	177.153937
7.380000	177.153937
7.390000	177.153937
7.400000	177.153937
7.410000	177.153937
7.420000	177.153937
7.430000	177.153937
7.440000	177.153937
7.450000	177.153937
7.460000	177.153937
7.470000	177.153937
7.480000	177.153937
7.490000	177.153937
7.500000	177.153937
7.510000	177.153937
7.520000	177.153937
7.530000	177.153937
7.540000	177.153937
7.550000	177.153937
7.560000	0.000000
7.570000	0.000000
7.580000	0.000000
7.590000	0.000000
7.600000	0.000000
7.610000	179.730700
7.620000	179.730700
7.630000	179.730700
7.640000	179.730700
7.650000	179.730700
7.660000	179.730700
7.670000	177.153937
7.680000	177.153937
7.690000	177.153937
7.700000	177.153937
7.710000	177.153937
7.720000	177.153937
7.730000	177.153937
7.740000	177.153937
7.750000	177.153937
7.760000	177.153937
7.770000	0.000000
7.780000	177.153937
7.790000	177.153937
7.800000	179.730700
7.810000	179.730700
7.820000	179.730700
7.830000	179.730700
7.840000	179.730700
7.850000	179.730700
7.860000	179.730700
7.870000	179.730700
7.880000	179.730700
7.890000	179.730700
7.900000	179.730700
7.910000	177.153937
7.920000	177.153937
7.930000	177.153937
7.940000	177.153937
7.950000	177.153937
7.960000	177.153937
7.970000	177.153937
7.980000	177.153937
7.990000	177.153937
8.000000	177.153937
8.010000	177.153937
8.020000	177.153937
8.030000	177.153937
8.040000	0.000000
8.050000	0.000000
8.060000	0.000000
8.070000	0.000000
8.080000	0.000000
8.090000	0.000000
8.100000	177.153937
8.110000	177.153937
8.120000	177.153937
8.130000	177.153937
8.140000	177.153937
8.150000	177.153937
8.160000	177.153937
8.170000	177.153937
8.180000	177.153937
8.190000	177.153937
8.200000	177.153937
8.210000	177.153937
8.220000	177.153937
8.230000	177.153937
8.240000	174.614116
8.250000	174.614116
8.260000	0.000000
8.270000	174.614116
8.280000	174.614116
8.290000	0.000000
8.300000	177.153937
8.310000	179.730700
8.320000	179.730700
8.330000	179.730700
8.340000	179.730700
8.350000	179.730700
8.360000	179.730700
8.370000	177.153937
8.380000	177.153937
8.390000	177.153937
8.400000	177.153937
8.410000	177.153937
8.420000	0.000000
8.430000	0.000000
8.440000	0.000000
8.450000	0.000000
8.460000	0.000000
8.470000	0.000000
8.480000	0.000000
8.490000	0.000000
8.500000	0.000000
8.510000	0.000000
8.520000	0.000000
8.530000	0.000000
8.540000	0.000000
8.550000	0.000000
8.560000	0.000000
8.570000	0.000000
8.580000	0.000000
8.590000	0.000000
8.600000	0.000000
8.610000	0.000000
8.620000	0.000000
8.630000	0.000000
8.640000	0.000000
8.650000	0.000000
8.660000	0.000000
8.670000	0.000000
8.680000	0.000000
8.690000	0.000000
8.700000	0.000000
8.710000	0.000000
8.720000	0.000000
8.730000	0.000000
8.740000	0.000000
8.750000	0.000000
8.760000	119.955851
8.770000	0.000000
8.780000	0.000000
8.790000	0.000000
8.800000	0.000000
8.810000	0.000000
8.820000	0.000000
8.830000	0.000000
8.840000	0.000000
8.850000	0.000000
8.860000	0.000000
8.870000	0.000000
8.880000	0.000000
8.890000	0.000000
8.900000	0.000000
8.910000	0.000000
8.920000	113.223246
8.930000	0.000000
8.940000	0.000000
8.950000	0.000000
8.960000	0.000000
8.970000	0.000000
8.980000	0.000000
8.990000	0.000000
9.000000	0.000000
9.010000	0.000000
9.020000	0.000000
9.030000	0.000000
9.040000	0.000000
9.050000	0.000000
9.060000	0.000000
9.070000	0.000000
9.080000	0.000000
9.090000	0.000000
9.100000	0.000000
9.110000	0.000000
9.120000	0.000000
9.130000	0.000000
9.140000	0.000000
9.150000	0.000000
9.160000	236.472135
9.170000	233.081881
9.180000	0.000000
9.190000	233.081881
9.200000	0.000000
9.210000	233.081881
9.220000	233.081881
9.230000	233.081881
9.240000	0.000000
9.250000	0.000000
9.260000	0.000000
9.270000	0.000000
9.280000	0.000000
9.290000	0.000000
9.300000	0.000000
9.310000	0.000000
9.320000	0.000000
9.330000	0.000000
9.340000	0.000000
9.350000	0.000000
9.360000	0.000000
9.370000	0.000000
9.380000	0.000000
9.390000	0.000000
9.400000	0.000000
9.410000	0.000000
9.420000	0.000000
9.430000	0.000000
9.440000	0.000000
9.450000	0.000000
9.460000	0.000000
9.470000	0.000000
9.480000	0.000000
9.490000	0.000000
9.500000	0.000000
9.510000	0.000000
9.520000	0.000000
9.530000	0.000000
9.540000	0.000000
9.550000	0.000000
9.560000	0.000000
9.570000	0.000000
9.580000	0.000000
9.590000	0.000000
9.600000	0.000000
9.610000	0.000000
9.620000	0.000000
9.630000	0.000000
9.640000	0.000000
9.650000	0.000000
9.660000	0.000000
9.670000	0.000000
9.680000	0.000000
9.690000	0.000000
9.700000	0.000000
9.710000	0.000000
9.720000	0.000000
9.730000	0.000000
9.740000	0.000000
9.750000	0.000000
9.760000	0.000000
9.770000	0.000000
9.780000	0.000000
9.790000	0.000000
9.800000	0.000000
9.810000	0.000000
9.820000	0.000000
9.830000	0.000000
9.840000	0.000000
9.850000	0.000000
9.860000	0.000000
9.870000	0.000000
9.880000	0.000000
9.890000	0.000000
9.900000	0.000000
9.910000	0.000000
9.920000	0.000000
9.930000	0.000000
9.940000	0.000000
9.950000	0.000000
9.960000	0.000000
9.970000	0.000000
9.980000	0.000000
9.990000	0.000000
10.000000	0.000000
10.010000	0.000000
10.020000	0.000000
10.030000	0.000000
10.040000	0.000000
10.050000	0.000000
10.060000	0.000000
10.070000	0.000000
10.080000	0.000000
10.090000	0.000000
10.100000	0.000000
10.110000	0.000000
10.120000	0.000000
10.130000	0.000000
10.140000	0.000000
10.150000	0.000000
10.160000	0.000000
10.170000	0.000000
10.180000	0.000000
10.190000	0.000000
10.200000	0.000000
10.210000	0.000000
10.220000	0.000000
10.230000	0.000000
10.240000	0.000000
10.250000	0.000000
10.260000	0.000000
10.270000	0.000000
10.280000	0.000000
10.290000	0.000000
10.300000	0.000000
10.310000	0.000000
10.320000	0.000000
10.330000	0.000000
10.340000	0.000000
10.350000	0.000000
10.360000	0.000000
10.370000	0.000000
10.380000	0.000000
10.390000	0.000000
10.400000	0.000000
10.410000	0.000000
10.420000	0.000000
10.430000	0.000000
10.440000	0.000000
10.450000	0.000000
10.460000	0.000000
10.470000	0.000000
10.480000	0.000000
10.490000	0.000000
10.500000	0.000000
10.510000	0.000000
10.520000	0.000000
10.530000	0.000000
10.540000	0.000000
10.550000	0.000000
10.560000	0.000000
10.570000	0.000000
10.580000	0.000000
10.590000	0.000000
10.600000	0.000000
10.610000	0.000000
10.620000	0.000000
10.630000	0.000000
10.640000	0.000000
10.650000	0.000000
10.660000	0.000000
10.670000	261.625565
10.680000	261.625565
10.690000	0.000000
10.700000	0.000000
10.710000	0.000000
10.720000	0.000000
10.730000	0.000000
10.740000	0.000000
10.750000	0.000000
10.760000	0.000000
10.770000	0.000000
10.780000	0.000000
10.790000	0.000000
10.800000	0.000000
10.810000	0.000000
10.820000	0.000000
10.830000	0.000000
10.840000	0.000000
10.850000	0.000000
10.860000	0.000000
10.870000	0.000000
10.880000	0.000000
10.890000	0.000000
10.900000	0.000000
10.910000	0.000000
10.920000	0.000000
10.930000	0.000000
10.940000	0.000000
10.950000	0.000000
10.960000	0.000000
10.970000	0.000000
10.980000	0.000000
10.990000	269.291780
11.000000	311.126984
11.010000	311.126984
11.020000	311.126984
11.030000	236.472135
11.040000	157.826215
11.050000	160.121850
11.060000	160.121850
11.070000	160.121850
11.080000	164.813778
11.090000	164.813778
11.100000	164.813778
11.110000	164.813778
11.120000	167.211050
11.130000	169.643191
11.140000	169.643191
11.150000	169.643191
11.160000	174.614116
11.170000	174.614116
11.180000	174.614116
11.190000	174.614116
11.200000	174.614116
11.210000	174.614116
11.220000	0.000000
11.230000	174.614116
11.240000	0.000000
11.250000	169.643191
11.260000	169.643191
11.270000	169.643191
11.280000	169.643191
11.290000	169.643191
11.300000	174.614116
11.310000	174.614116
11.320000	174.614116
11.330000	174.614116
11.340000	174.614116
11.350000	174.614116
11.360000	174.614116
11.370000	174.614116
11.380000	174.614116
11.390000	174.614116
11.400000	174.614116
11.410000	177.153937
11.420000	177.153937
11.430000	177.153937
11.440000	177.153937
11.450000	177.153937
11.460000	174.614116
11.470000	174.614116
11.480000	174.614116
11.490000	174.614116
11.500000	174.614116
11.510000	174.614116
11.520000	174.614116
11.530000	174.614116
11.540000	174.614116
11.550000	174.614116
11.560000	174.614116
11.570000	174.614116
11.580000	174.614116
11.590000	174.614116
11.600000	174.614116
11.610000	0.000000
11.620000	0.000000
11.630000	0.000000
11.640000	0.000000
11.650000	0.000000
11.660000	0.000000
11.670000	0.000000
11.680000	0.000000
11.690000	0.000000
11.700000	174.614116
11.710000	174.614116
11.720000	174.614116
11.730000	0.000000
11.740000	0.000000
11.750000	174.614116
11.760000	174.614116
11.770000	174.614116
11.780000	174.614116
11.790000	174.614116
11.800000	174.614116
11.810000	174.614116
11.820000	174.614116
11.830000	177.153937
11.840000	179.730700
11.850000	182.344943
11.860000	182.344943
11.870000	184.997211
11.880000	190.418043
11.890000	190.418043
11.900000	195.997718
11.910000	195.997718
11.920000	195.997718
11.930000	195.997718
11.940000	195.997718
11.950000	195.997718
11.960000	193.187738
11.970000	190.418043
11.980000	190.418043
11.990000	190.418043
12.000000	190.418043
12.010000	190.418043
12.020000	190.418043
12.030000	193.187738
12.040000	195.997718
12.050000	195.997718
12.060000	195.997718
12.070000	195.997718
12.080000	195.997718
12.090000	195.997718
12.100000	195.997718
12.110000	195.997718
12.120000	195.997718
12.130000	195.997718
12.140000	195.997718
12.150000	195.997718
12.160000	195.997718
12.170000	198.848570
12.180000	198.848570
12.190000	198.848570
12.200000	198.848570
12.210000	198.848570
12.220000	198.848570
12.230000	198.848570
12.240000	195.997718
12.250000	195.997718
12.260000	195.997718
12.270000	195.997718
12.280000	190.418043
12.290000	184.997211
12.300000	0.000000
12.310000	190.418043
12.320000	195.997718
12.330000	195.997718
12.340000	198.848570
12.350000	201.740890
12.360000	201.740890
12.370000	201.740890
12.380000	201.740890
12.390000	201.740890
12.400000	201.740890
12.410000	201.740890
12.420000	201.740890
12.430000	207.652349
12.440000	207.652349
12.450000	207.652349
12.460000	210.672722
12.470000	210.672722
12.480000	213.737027
12.490000	213.737027
12.500000	213.737027
12.510000	220.000000
12.520000	220.000000
12.530000	220.000000
12.540000	220.000000
12.550000	195.997718
12.560000	195.997718
12.570000	190.418043
12.580000	0.000000
12.590000	0.000000
12.600000	0.000000
12.610000	0.000000
12.620000	0.000000
12.630000	0.000000
12.640000	0.000000
12.650000	0.000000
12.660000	0.000000
12.670000	0.000000
12.680000	0.000000
12.690000	0.000000
12.700000	0.000000
12.710000	0.000000
12.720000	0.000000
12.730000	0.000000
12.740000	0.000000
12.750000	0.000000
12.760000	0.000000
12.770000	0.000000
12.780000	0.000000
12.790000	0.000000
12.800000	0.000000
12.810000	207.652349
12.820000	207.652349
12.830000	201.740890
12.840000	198.848570
12.850000	198.848570
12.860000	198.848570
12.870000	195.997718
12.880000	195.997718
12.890000	195.997718
12.900000	195.997718
12.910000	195.997718
12.920000	0.000000
12.930000	0.000000
12.940000	0.000000
12.950000	195.997718
12.960000	195.997718
12.970000	195.997718
12.980000	195.997718
12.990000	195.997718
13.000000	195.997718
13.010000	195.997718
13.020000	0.000000
13.030000	0.000000
13.040000	0.000000
13.050000	0.000000
13.060000	0.000000
13.070000	0.000000
13.080000	0.000000
13.090000	0.000000
13.100000	0.000000
13.110000	0.000000
13.120000	0.000000
13.130000	0.000000
13.140000	0.000000
13.150000	0.000000
13.160000	0.000000
13.170000	0.000000
13.180000	0.000000
13.190000	0.000000
13.200000	0.000000
13.210000	0.000000
13.220000	0.000000
13.230000	0.000000
13.240000	0.000000
13.250000	0.000000
13.260000	0.000000
13.270000	195.997718
13.280000	195.997718
13.290000	0.000000
13.300000	0.000000
13.310000	0.000000
13.320000	0.000000
13.330000	0.000000
13.340000	0.000000
13.350000	195.997718
13.360000	195.997718
13.370000	198.848570
13.380000	198.848570
13.390000	198.848570
13.400000	198.848570
13.410000	198.848570
13.420000	195.997718
13.430000	195.997718
13.440000	190.418043
13.450000	187.688058
13.460000	184.997211
13.470000	179.730700
13.480000	172.110708
13.490000	164.813778
13.500000	164.813778
13.510000	160.121850
13.520000	160.121850
13.530000	160.121850
13.540000	164.813778
13.550000	167.211050
13.560000	169.643191
13.570000	169.643191
13.580000	169.643191
13.590000	174.614116
13.600000	174.614116
13.610000	174.614116
13.620000	174.614116
13.630000	174.614116
13.640000	174.614116
13.650000	0.000000
13.660000	0.000000
13.670000	142.652351
13.680000	0.000000
13.690000	0.000000
13.700000	174.614116
13.710000	174.614116
13.720000	174.614116
13.730000	177.153937
13.740000	179.730700
13.750000	179.730700
13.760000	179.730700
13.770000	177.153937
13.780000	177.153937
13.790000	174.614116
13.800000	174.614116
13.810000	174.614116
13.820000	174.614116
13.830000	174.614116
13.840000	174.614116
13.850000	174.614116
13.860000	174.614116
13.870000	177.153937
13.880000	177.153937
13.890000	177.153937
13.900000	177.153937
13.910000	177.153937
13.920000	174.614116
13.930000	174.614116
13.940000	0.000000
13.950000	0.000000
13.960000	0.000000
13.970000	0.000000
13.980000	0.000000
13.990000	0.000000
14.000000	0.000000
14.010000	0.000000
14.020000	0.000000
14.030000	0.000000
14.040000	0.000000
14.050000	0.000000
14.060000	0.000000
14.070000	0.000000
14.080000	0.000000
14.090000	0.000000
14.100000	0.000000
14.110000	0.000000
14.120000	0.000000
14.130000	0.000000
14.140000	0.000000
14.150000	0.000000
14.160000	0.000000
14.170000	0.000000
14.180000	0.000000
14.190000	123.470825
14.200000	127.088797
14.210000	111.599987
14.220000	110.000000
14.230000	0.000000
14.240000	0.000000
14.250000	0.000000
14.260000	0.000000
14.270000	0.000000
14.280000	0.000000
14.290000	0.000000
14.300000	0.000000
14.310000	0.000000
14.320000	0.000000
14.330000	0.000000
14.340000	0.000000
14.350000	0.000000
14.360000	0.000000
14.370000	0.000000
14.380000	0.000000
14.390000	0.000000
14.400000	0.000000
14.410000	0.000000
14.420000	0.000000
14.430000	0.000000
14.440000	0.000000
14.450000	0.000000
14.460000	0.000000
14.470000	0.000000
14.480000	0.000000
14.490000	0.000000
14.500000	0.000000
14.510000	0.000000
14.520000	0.000000
14.530000	0.000000
14.540000	0.000000
14.550000	0.000000
14.560000	0.000000
14.570000	0.000000
14.580000	0.000000
14.590000	0.000000
14.600000	0.000000
14.610000	0.000000
14.620000	0.000000
14.630000	174.614116
14.640000	187.688058
14.650000	184.997211
14.660000	184.997211
14.670000	184.997211
14.680000	187.688058
14.690000	187.688058
14.700000	187.688058
14.710000	193.187738
14.720000	193.187738
14.730000	195.997718
14.740000	195.997718
14.750000	198.848570
14.760000	198.848570
14.770000	198.848570
14.780000	201.740890
14.790000	201.740890
14.800000	201.740890
14.810000	201.740890
14.820000	201.740890
14.830000	201.740890
14.840000	201.740890
14.850000	201.740890
14.860000	201.740890
14.870000	204.675278
14.880000	204.675278
14.890000	207.652349
14.900000	207.652349
14.910000	207.652349
14.920000	207.652349
14.930000	207.652349
14.940000	207.652349
14.950000	207.652349
14.960000	207.652349
14.970000	207.652349
14.980000	207.652349
14.990000	0.000000
15.000000	0.000000
15.010000	0.000000
15.020000	0.000000
15.030000	0.000000
15.040000	0.000000
15.050000	0.000000
15.060000	0.000000
15.070000	0.000000
15.080000	0.000000
15.090000	0.000000
15.100000	0.000000
15.110000	0.000000
15.120000	207.652349
15.130000	207.652349
15.140000	0.000000
15.150000	207.652349
15.160000	207.652349
15.170000	207.652349
15.180000	207.652349
15.190000	207.652349
15.200000	207.652349
15.210000	207.652349
15.220000	0.000000
15.230000	207.652349
15.240000	207.652349
15.250000	207.652349
15.260000	207.652349
15.270000	207.652349
15.280000	207.652349
15.290000	207.652349
15.300000	207.652349
15.310000	207.652349
15.320000	207.652349
15.330000	207.652349
15.340000	207.652349
15.350000	207.652349
15.360000	195.997718
15.370000	190.418043
15.380000	184.997211
15.390000	184.997211
15.400000	182.344943
15.410000	118.236067
15.420000	0.000000
15.430000	0.000000
15.440000	0.000000
15.450000	0.000000
15.460000	0.000000
15.470000	0.000000
15.480000	0.000000
15.490000	0.000000
15.500000	127.088797
15.510000	172.110708
15.520000	187.688058
15.530000	187.688058
15.540000	0.000000
15.550000	190.418043
15.560000	190.418043
15.570000	190.418043
15.580000	190.418043
15.590000	190.418043
15.600000	193.187738
15.610000	195.997718
15.620000	195.997718
15.630000	198.848570
15.640000	201.740890
15.650000	201.740890
15.660000	207.652349
15.670000	207.652349
15.680000	207.652349
15.690000	210.672722
15.700000	210.672722
15.710000	210.672722
15.720000	210.672722
15.730000	210.672722
15.740000	210.672722
15.750000	210.672722
15.760000	210.672722
15.770000	210.672722
15.780000	210.672722
15.790000	210.672722
15.800000	210.672722
15.810000	210.672722
15.820000	210.672722
15.830000	210.672722
15.840000	210.672722
15.850000	210.672722
15.860000	210.672722
15.870000	207.652349
15.880000	207.652349
15.890000	207.652349
15.900000	207.652349
15.910000	207.652349
15.920000	0.000000
15.930000	0.000000
15.940000	207.652349
15.950000	207.652349
15.960000	207.652349
15.970000	0.000000
15.980000	0.000000
15.990000	0.000000
16.000000	0.000000
16.010000	0.000000
16.020000	0.000000
16.030000	0.000000
16.040000	0.000000
16.050000	0.000000
16.060000	0.000000
16.070000	0.000000
16.080000	0.000000
16.090000	0.000000
16.100000	0.000000
16.110000	0.000000
16.120000	207.652349
16.130000	0.000000
16.140000	207.652349
16.150000	207.652349
16.160000	207.652349
16.170000	207.652349
16.180000	207.652349
16.190000	207.652349
16.200000	207.652349
16.210000	204.675278
16.220000	201.740890
16.230000	198.848570
16.240000	198.848570
16.250000	195.997718
16.260000	195.997718
16.270000	195.997718
16.280000	195.997718
16.290000	195.997718
16.300000	195.997718
16.310000	195.997718
16.320000	198.848570
16.330000	198.848570
16.340000	198.848570
16.350000	198.848570
16.360000	198.848570
16.370000	198.848570
16.380000	198.848570
16.390000	198.848570
16.400000	198.848570
16.410000	198.848570
16.420000	198.848570
16.430000	198.848570
16.440000	198.848570
16.450000	198.848570
16.460000	198.848570
16.470000	198.848570
16.480000	198.848570
16.490000	198.848570
16.500000	198.848570
16.510000	198.848570
16.520000	198.848570
16.530000	198.848570
16.540000	198.848570
16.550000	198.848570
16.560000	198.848570
16.570000	198.848570
16.580000	198.848570
16.590000	198.848570
16.600000	198.848570
16.610000	198.848570
16.620000	198.848570
16.630000	198.848570
16.640000	198.848570
16.650000	195.997718
16.660000	195.997718
16.670000	195.997718
16.680000	195.997718
16.690000	0.000000
16.700000	0.000000
16.710000	0.000000
16.720000	0.000000
16.730000	198.848570
16.740000	198.848570
16.750000	198.848570
16.760000	198.848570
16.770000	198.848570
16.780000	195.997718
16.790000	190.418043
16.800000	187.688058
16.810000	184.997211
16.820000	184.997211
16.830000	179.730700
16.840000	177.153937
16.850000	0.000000
16.860000	0.000000
16.870000	0.000000
16.880000	172.110708
16.890000	204.675278
16.900000	207.652349
16.910000	207.652349
16.920000	207.652349
16.930000	207.652349
16.940000	207.652349
16.950000	207.652349
16.960000	207.652349
16.970000	207.652349
16.980000	207.652349
16.990000	207.652349
17.000000	207.652349
17.010000	207.652349
17.020000	207.652349
17.030000	207.652349
17.040000	207.652349
17.050000	207.652349
17.060000	210.672722
17.070000	210.672722
17.080000	210.672722
17.090000	210.672722
17.100000	210.672722
17.110000	207.652349
17.120000	195.997718
17.130000	195.997718
17.140000	195.997718
17.150000	0.000000
17.160000	0.000000
17.170000	0.000000
17.180000	0.000000
17.190000	0.000000
17.200000	0.000000
17.210000	0.000000
17.220000	0.000000
17.230000	0.000000
17.240000	0.000000
17.250000	0.000000
17.260000	0.000000
17.270000	0.000000
17.280000	0.000000
17.290000	0.000000
17.300000	0.000000
17.310000	174.614116
17.320000	174.614116
17.330000	177.153937
17.340000	177.153937
17.350000	179.730700
17.360000	179.730700
17.370000	179.730700
17.380000	179.730700
17.390000	179.730700
17.400000	182.344943
17.410000	184.997211
17.420000	184.997211
17.430000	184.997211
17.440000	187.688058
17.450000	190.418043
17.460000	195.997718
17.470000	195.997718
17.480000	198.848570
17.490000	201.740890
17.500000	201.740890
17.510000	201.740890
17.520000	201.740890
17.530000	198.848570
17.540000	195.997718
17.550000	195.997718
17.560000	195.997718
17.570000	195.997718
17.580000	0.000000
17.590000	0.000000
17.600000	0.000000
17.610000	0.000000
17.620000	0.000000
17.630000	201.740890
17.640000	201.740890
17.650000	184.997211
17.660000	184.997211
17.670000	184.997211
17.680000	184.997211
17.690000	184.997211
17.700000	0.000000
17.710000	157.826215
17.720000	157.826215
17.730000	0.000000
17.740000	0.000000
17.750000	0.000000
17.760000	0.000000
17.770000	0.000000
17.780000	174.614116
17.790000	174.614116
17.800000	179.730700
17.810000	184.997211
17.820000	184.997211
17.830000	184.997211
17.840000	184.997211
17.850000	179.730700
17.860000	179.730700
17.870000	177.153937
17.880000	177.153937
17.890000	174.614116
17.900000	174.614116
17.910000	0.000000
17.920000	0.000000
17.930000	0.000000
17.940000	0.000000
17.950000	174.614116
17.960000	174.614116
17.970000	0.000000
17.980000	0.000000
17.990000	177.153937
18.000000	177.153937
18.010000	177.153937
18.020000	177.153937
18.030000	177.153937
18.040000	177.153937
18.050000	177.153937
18.060000	177.153937
18.070000	174.614116
18.080000	174.614116
18.090000	174.614116
18.100000	0.000000
18.110000	0.000000
18.120000	0.000000
18.130000	0.000000
18.140000	174.614116
18.150000	177.153937
18.160000	177.153937
18.170000	177.153937
18.180000	177.153937
18.190000	177.153937
18.200000	0.000000
18.210000	0.000000
18.220000	0.000000
18.230000	0.000000
18.240000	0.000000
18.250000	261.625565
18.260000	261.625565
18.270000	239.911701
18.280000	177.153937
18.290000	177.153937
18.300000	174.614116
18.310000	174.614116
18.320000	0.000000
18.330000	174.614116
18.340000	0.000000
18.350000	0.000000
18.360000	174.614116
18.370000	0.000000
18.380000	0.000000
18.390000	0.000000
18.400000	0.000000
18.410000	0.000000
18.420000	174.614116
18.430000	174.614116
18.440000	0.000000
18.450000	174.614116
18.460000	174.614116
18.470000	0.000000
18.480000	0.000000
18.490000	0.000000
18.500000	174.614116
18.510000	174.614116
18.520000	0.000000
18.530000	0.000000
18.540000	174.614116
18.550000	174.614116
18.560000	174.614116
18.570000	174.614116
18.580000	174.614116
18.590000	174.614116
18.600000	177.153937
18.610000	0.000000
18.620000	0.000000
18.630000	174.614116
18.640000	174.614116
18.650000	177.153937
18.660000	0.000000
18.670000	0.000000
18.680000	0.000000
18.690000	269.291780
18.700000	269.291780
18.710000	265.430997
18.720000	265.430997
18.730000	269.291780
18.740000	277.182631
18.750000	277.182631
18.760000	0.000000
18.770000	0.000000
18.780000	0.000000
18.790000	277.182631
18.800000	277.182631
18.810000	277.182631
18.820000	277.182631
18.830000	277.182631
18.840000	277.182631
18.850000	277.182631
18.860000	277.182631
18.870000	0.000000
18.880000	0.000000
18.890000	277.182631
18.900000	277.182631
18.910000	277.182631
18.920000	277.182631
18.930000	277.182631
18.940000	277.182631
18.950000	277.182631
18.960000	0.000000
18.970000	0.000000
18.980000	0.000000
18.990000	277.182631
19.000000	277.182631
19.010000	277.182631
19.020000	277.182631
19.030000	277.182631
19.040000	277.182631
19.050000	277.182631
19.060000	277.182631
19.070000	277.182631
19.080000	277.182631
19.090000	277.182631
19.100000	277.182631
19.110000	277.182631
19.120000	277.182631
19.130000	277.182631
19.140000	277.182631
19.150000	269.291780
19.160000	265.430997
19.170000	265.430997
19.180000	269.291780
19.190000	349.228231
19.200000	349.228231
19.210000	349.228231
19.220000	349.228231
19.230000	349.228231
19.240000	349.228231
19.250000	349.228231
19.260000	349.228231
19.270000	349.228231
19.280000	349.228231
19.290000	349.228231
19.300000	349.228231
19.310000	354.307873
19.320000	354.307873
19.330000	354.307873
19.340000	354.307873
19.350000	354.307873
19.360000	349.228231
19.370000	349.228231
19.380000	349.228231
19.390000	349.228231
19.400000	344.221416
19.410000	265.430997
19.420000	261.625565
19.430000	261.625565
19.440000	261.625565
19.450000	261.625565
19.460000	261.625565
19.470000	261.625565
19.480000	261.625565
19.490000	269.291780
19.500000	349.228231
19.510000	349.228231
19.520000	349.228231
19.530000	349.228231
19.540000	349.228231
19.550000	349.228231
19.560000	349.228231
19.570000	349.228231
19.580000	269.291780
19.590000	261.625565
19.600000	261.625565
19.610000	261.625565
19.620000	261.625565
19.630000	261.625565
19.640000	269.291780
19.650000	277.182631
19.660000	277.182631
19.670000	277.182631
19.680000	277.182631
19.690000	277.182631
19.700000	0.000000
19.710000	0.000000
19.720000	0.000000
19.730000	0.000000
19.740000	0.000000
19.750000	277.182631
19.760000	277.182631
19.770000	277.182631
19.780000	277.182631
19.790000	277.182631
19.800000	277.182631
19.810000	277.182631
19.820000	277.182631
19.830000	0.000000
19.840000	277.182631
19.850000	277.182631
19.860000	277.182631
19.870000	0.000000
19.880000	0.000000
19.890000	0.000000
19.900000	0.000000
19.910000	0.000000
19.920000	277.182631
19.930000	277.182631
19.940000	277.182631
19.950000	277.182631
19.960000	277.182631
19.970000	277.182631
19.980000	277.182631
19.990000	277.182631
20.000000	277.182631
20.010000	277.182631
