0.000000	0.000000
0.010000	0.000000
0.020000	0.000000
0.030000	207.652349
0.040000	207.652349
0.050000	207.652349
0.060000	207.652349
0.070000	207.652349
0.080000	0.000000
0.090000	0.000000
0.100000	0.000000
0.110000	0.000000
0.120000	0.000000
0.130000	0.000000
0.140000	0.000000
0.150000	0.000000
0.160000	0.000000
0.170000	0.000000
0.180000	0.000000
0.190000	0.000000
0.200000	0.000000
0.210000	0.000000
0.220000	0.000000
0.230000	0.000000
0.240000	0.000000
0.250000	0.000000
0.260000	0.000000
0.270000	0.000000
0.280000	0.000000
0.290000	0.000000
0.300000	0.000000
0.310000	0.000000
0.320000	0.000000
0.330000	0.000000
0.340000	0.000000
0.350000	0.000000
0.360000	0.000000
0.370000	0.000000
0.380000	0.000000
0.390000	0.000000
0.400000	0.000000
0.410000	0.000000
0.420000	0.000000
0.430000	116.540940
0.440000	119.955851
0.450000	123.470825
0.460000	123.470825
0.470000	123.470825
0.480000	123.470825
0.490000	123.470825
0.500000	123.470825
0.510000	127.088797
0.520000	127.088797
0.530000	128.937346
0.540000	128.937346
0.550000	130.812783
0.560000	130.812783
0.570000	130.812783
0.580000	130.812783
0.590000	130.812783
0.600000	130.812783
0.610000	130.812783
0.620000	130.812783
0.630000	130.812783
0.640000	130.812783
0.650000	128.937346
0.660000	128.937346
0.670000	127.088797
0.680000	127.088797
0.690000	127.088797
0.700000	127.088797
0.710000	127.088797
0.720000	127.088797
0.730000	127.088797
0.740000	130.812783
0.750000	130.812783
0.760000	130.812783
0.770000	130.812783
0.780000	130.812783
0.790000	130.812783
0.800000	127.088797
0.810000	123.470825
0.820000	123.470825
0.830000	123.470825
0.840000	123.470825
0.850000	119.955851
0.860000	119.955851
0.870000	116.540940
0.880000	116.540940
0.890000	116.540940
0.900000	0.000000
0.910000	0.000000
0.920000	0.000000
0.930000	0.000000
0.940000	0.000000
0.950000	0.000000
0.960000	164.813778
0.970000	164.813778
0.980000	169.643191
0.990000	169.643191
1.000000	174.614116
1.010000	174.614116
1.020000	174.614116
1.030000	174.614116
1.040000	174.614116
1.050000	174.614116
1.060000	174.614116
1.070000	174.614116
1.080000	174.614116
1.090000	174.614116
1.100000	174.614116
1.110000	174.614116
1.120000	174.614116
1.130000	174.614116
1.140000	174.614116
1.150000	174.614116
1.160000	174.614116
1.170000	174.614116
1.180000	174.614116
1.190000	174.614116
1.200000	174.614116
1.210000	174.614116
1.220000	174.614116
1.230000	174.614116
1.240000	172.110708
1.250000	172.110708
1.260000	169.643191
1.270000	167.211050
1.280000	0.000000
1.290000	349.228231
1.300000	349.228231
1.310000	349.228231
1.320000	349.228231
1.330000	349.228231
1.340000	349.228231
1.350000	349.228231
1.360000	349.228231
1.370000	0.000000
1.380000	0.000000
1.390000	0.000000
1.400000	349.228231
1.410000	0.000000
1.420000	349.228231
1.430000	250.533500
1.440000	179.730700
1.450000	177.153937
1.460000	177.153937
1.470000	177.153937
1.480000	174.614116
1.490000	174.614116
1.500000	174.614116
1.510000	174.614116
1.520000	0.000000
1.530000	174.614116
1.540000	174.614116
1.550000	174.614116
1.560000	0.000000
1.570000	0.000000
1.580000	0.000000
1.590000	0.000000
1.600000	0.000000
1.610000	0.000000
1.620000	0.000000
1.630000	177.153937
1.640000	177.153937
1.650000	179.730700
1.660000	179.730700
1.670000	184.997211
1.680000	187.688058
1.690000	190.418043
1.700000	190.418043
1.710000	195.997718
1.720000	195.997718
1.730000	195.997718
1.740000	195.997718
1.750000	195.997718
1.760000	195.997718
1.770000	195.997718
1.780000	193.187738
1.790000	193.187738
1.800000	193.187738
1.810000	193.187738
1.820000	195.997718
1.830000	195.997718
1.840000	195.997718
1.850000	195.997718
1.860000	195.997718
1.870000	195.997718
1.880000	195.997718
1.890000	195.997718
1.900000	195.997718
1.910000	195.997718
1.920000	195.997718
1.930000	195.997718
1.940000	195.997718
1.950000	195.997718
1.960000	195.997718
1.970000	195.997718
1.980000	195.997718
1.990000	195.997718
2.000000	195.997718
2.010000	195.997718
2.020000	195.997718
2.030000	195.997718
2.040000	195.997718
2.050000	195.997718
2.060000	195.997718
2.070000	195.997718
2.080000	195.997718
2.090000	195.997718
2.100000	195.997718
2.110000	195.997718
2.120000	195.997718
2.130000	195.997718
2.140000	195.997718
2.150000	195.997718
2.160000	195.997718
2.170000	195.997718
2.180000	195.997718
2.190000	195.997718
2.200000	195.997718
2.210000	195.997718
2.220000	195.997718
2.230000	195.997718
2.240000	195.997718
2.250000	195.997718
2.260000	195.997718
2.270000	195.997718
2.280000	195.997718
2.290000	195.997718
2.300000	195.997718
2.310000	195.997718
2.320000	195.997718
2.330000	0.000000
2.340000	195.997718
2.350000	195.997718
2.360000	195.997718
2.370000	195.997718
2.380000	195.997718
2.390000	195.997718
2.400000	195.997718
2.410000	195.997718
2.420000	195.997718
2.430000	195.997718
2.440000	195.997718
2.450000	195.997718
2.460000	195.997718
2.470000	195.997718
2.480000	195.997718
2.490000	195.997718
2.500000	195.997718
2.510000	195.997718
2.520000	195.997718
2.530000	195.997718
2.540000	195.997718
2.550000	195.997718
2.560000	195.997718
2.570000	195.997718
2.580000	195.997718
2.590000	195.997718
2.600000	195.997718
2.610000	195.997718
2.620000	195.997718
2.630000	0.000000
2.640000	207.652349
2.650000	207.652349
2.660000	207.652349
2.670000	207.652349
2.680000	204.675278
2.690000	190.418043
2.700000	184.997211
2.710000	0.000000
2.720000	0.000000
2.730000	184.997211
2.740000	190.418043
2.750000	195.997718
2.760000	195.997718
2.770000	195.997718
2.780000	195.997718
2.790000	195.997718
2.800000	195.997718
2.810000	195.997718
2.820000	195.997718
2.830000	195.997718
2.840000	195.997718
2.850000	195.997718
2.860000	195.997718
2.870000	195.997718
2.880000	195.997718
2.890000	195.997718
2.900000	195.997718
2.910000	195.997718
2.920000	195.997718
2.930000	195.997718
2.940000	195.997718
2.950000	195.997718
2.960000	195.997718
2.970000	195.997718
2.980000	195.997718
2.990000	195.997718
3.000000	195.997718
3.010000	195.997718
3.020000	195.997718
3.030000	195.997718
3.040000	0.000000
3.050000	195.997718
3.060000	195.997718
3.070000	195.997718
3.080000	0.000000
3.090000	0.000000
3.100000	0.000000
3.110000	0.000000
3.120000	0.000000
3.130000	0.000000
3.140000	0.000000
3.150000	0.000000
3.160000	0.000000
3.170000	204.675278
3.180000	204.675278
3.190000	201.740890
3.200000	198.848570
3.210000	195.997718
3.220000	195.997718
3.230000	195.997718
3.240000	195.997718
3.250000	195.997718
3.260000	195.997718
3.270000	195.997718
3.280000	195.997718
3.290000	195.997718
3.300000	195.997718
3.310000	195.997718
3.320000	195.997718
3.330000	195.997718
3.340000	195.997718
3.350000	195.997718
3.360000	195.997718
3.370000	195.997718
3.380000	195.997718
3.390000	195.997718
3.400000	195.997718
3.410000	198.848570
3.420000	198.848570
3.430000	201.740890
3.440000	201.740890
3.450000	201.740890
3.460000	207.652349
3.470000	207.652349
3.480000	207.652349
3.490000	207.652349
3.500000	207.652349
3.510000	207.652349
3.520000	207.652349
3.530000	207.652349
3.540000	207.652349
3.550000	207.652349
3.560000	207.652349
3.570000	207.652349
3.580000	207.652349
3.590000	207.652349
3.600000	207.652349
3.610000	207.652349
3.620000	207.652349
3.630000	207.652349
3.640000	207.652349
3.650000	207.652349
3.660000	207.652349
3.670000	210.672722
3.680000	210.672722
3.690000	210.672722
3.700000	207.652349
3.710000	207.652349
3.720000	207.652349
3.730000	0.000000
3.740000	0.000000
3.750000	207.652349
3.760000	207.652349
3.770000	0.000000
3.780000	0.000000
3.790000	207.652349
3.800000	207.652349
3.810000	207.652349
3.820000	207.652349
3.830000	207.652349
3.840000	207.652349
3.850000	207.652349
3.860000	207.652349
3.870000	207.652349
3.880000	207.652349
3.890000	207.652349
3.900000	207.652349
3.910000	207.652349
3.920000	297.936220
3.930000	311.126984
3.940000	311.126984
3.950000	311.126984
3.960000	311.126984
3.970000	311.126984
3.980000	311.126984
3.990000	311.126984
4.000000	311.126984
4.010000	311.126984
4.020000	311.126984
4.030000	311.126984
4.040000	311.126984
4.050000	311.126984
4.060000	311.126984
4.070000	311.126984
4.080000	311.126984
4.090000	311.126984
4.100000	311.126984
4.110000	0.000000
4.120000	311.126984
4.130000	311.126984
4.140000	311.126984
4.150000	311.126984
4.160000	0.000000
4.170000	0.000000
4.180000	311.126984
4.190000	311.126984
4.200000	311.126984
4.210000	311.126984
4.220000	311.126984
4.230000	311.126984
4.240000	311.126984
4.250000	311.126984
4.260000	311.126984
4.270000	311.126984
4.280000	311.126984
4.290000	311.126984
4.300000	311.126984
4.310000	311.126984
4.320000	311.126984
4.330000	311.126984
4.340000	311.126984
4.350000	0.000000
4.360000	311.126984
4.370000	311.126984
4.380000	311.126984
4.390000	311.126984
4.400000	311.126984
4.410000	311.126984
4.420000	311.126984
4.430000	311.126984
4.440000	311.126984
4.450000	311.126984
4.460000	311.126984
4.470000	311.126984
4.480000	311.126984
4.490000	311.126984
4.500000	311.126984
4.510000	311.126984
4.520000	311.126984
4.530000	311.126984
4.540000	311.126984
4.550000	311.126984
4.560000	281.214345
4.570000	187.688058
4.580000	190.418043
4.590000	195.997718
4.600000	195.997718
4.610000	201.740890
4.620000	201.740890
4.630000	201.740890
4.640000	207.652349
4.650000	207.652349
4.660000	207.652349
4.670000	207.652349
4.680000	207.652349
4.690000	207.652349
4.700000	207.652349
4.710000	207.652349
4.720000	201.740890
4.730000	198.848570
4.740000	195.997718
4.750000	195.997718
4.760000	190.418043
4.770000	187.688058
4.780000	187.688058
4.790000	187.688058
4.800000	187.688058
4.810000	187.688058
4.820000	190.418043
4.830000	190.418043
4.840000	190.418043
4.850000	190.418043
4.860000	193.187738
4.870000	195.997718
4.880000	195.997718
4.890000	195.997718
4.900000	198.848570
4.910000	198.848570
4.920000	201.740890
4.930000	201.740890
4.940000	204.675278
4.950000	207.652349
4.960000	207.652349
4.970000	207.652349
4.980000	207.652349
4.990000	207.652349
5.000000	207.652349
5.010000	207.652349
5.020000	297.936220
5.030000	311.126984
5.040000	311.126984
5.050000	311.126984
5.060000	311.126984
5.070000	311.126984
5.080000	311.126984
5.090000	311.126984
5.100000	311.126984
5.110000	311.126984
5.120000	311.126984
5.130000	311.126984
5.140000	311.126984
5.150000	311.126984
5.160000	311.126984
5.170000	311.126984
5.180000	311.126984
5.190000	311.126984
5.200000	311.126984
5.210000	311.126984
5.220000	210.672722
5.230000	207.652349
5.240000	201.740890
5.250000	201.740890
5.260000	198.848570
5.270000	198.848570
5.280000	198.848570
5.290000	198.848570
5.300000	195.997718
5.310000	195.997718
5.320000	195.997718
5.330000	195.997718
5.340000	195.997718
5.350000	0.000000
5.360000	0.000000
5.370000	0.000000
5.380000	0.000000
5.390000	0.000000
5.400000	0.000000
5.410000	0.000000
5.420000	0.000000
5.430000	0.000000
5.440000	0.000000
5.450000	0.000000
5.460000	0.000000
5.470000	0.000000
5.480000	195.997718
5.490000	0.000000
5.500000	0.000000
5.510000	0.000000
5.520000	0.000000
5.530000	195.997718
5.540000	0.000000
5.550000	195.997718
5.560000	195.997718
5.570000	195.997718
5.580000	195.997718
5.590000	0.000000
5.600000	0.000000
5.610000	0.000000
5.620000	0.000000
5.630000	0.000000
5.640000	195.997718
5.650000	0.000000
5.660000	0.000000
5.670000	0.000000
5.680000	0.000000
5.690000	0.000000
5.700000	198.848570
5.710000	198.848570
5.720000	0.000000
5.730000	198.848570
5.740000	195.997718
5.750000	195.997718
5.760000	195.997718
5.770000	0.000000
5.780000	0.000000
5.790000	0.000000
5.800000	0.000000
5.810000	0.000000
5.820000	0.000000
5.830000	0.000000
5.840000	198.848570
5.850000	0.000000
5.860000	0.000000
5.870000	198.848570
5.880000	198.848570
5.890000	198.848570
5.900000	198.848570
5.910000	0.000000
5.920000	198.848570
5.930000	195.997718
5.940000	195.997718
5.950000	195.997718
5.960000	195.997718
5.970000	0.000000
5.980000	0.000000
5.990000	0.000000
6.000000	0.000000
6.010000	0.000000
6.020000	0.000000
6.030000	0.000000
6.040000	0.000000
6.050000	0.000000
6.060000	0.000000
6.070000	0.000000
6.080000	0.000000
6.090000	0.000000
6.100000	0.000000
6.110000	0.000000
6.120000	0.000000
6.130000	0.000000
6.140000	0.000000
6.150000	0.000000
6.160000	0.000000
6.170000	0.000000
6.180000	0.000000
6.190000	0.000000
6.200000	0.000000
6.210000	0.000000
6.220000	0.000000
6.230000	198.848570
6.240000	198.848570
6.250000	198.848570
6.260000	195.997718
6.270000	195.997718
6.280000	195.997718
6.290000	195.997718
6.300000	0.000000
6.310000	0.000000
6.320000	0.000000
6.330000	0.000000
6.340000	195.997718
6.350000	0.000000
6.360000	0.000000
6.370000	0.000000
6.380000	0.000000
6.390000	0.000000
6.400000	0.000000
6.410000	0.000000
6.420000	0.000000
6.430000	0.000000
6.440000	0.000000
6.450000	0.000000
6.460000	0.000000
6.470000	0.000000
6.480000	0.000000
6.490000	0.000000
6.500000	0.000000
6.510000	0.000000
6.520000	198.848570
6.530000	198.848570
6.540000	198.848570
6.550000	198.848570
6.560000	198.848570
6.570000	195.997718
6.580000	195.997718
6.590000	195.997718
6.600000	190.418043
6.610000	187.688058
6.620000	184.997211
6.630000	184.997211
6.640000	179.730700
6.650000	174.614116
6.660000	174.614116
6.670000	169.643191
6.680000	169.643191
6.690000	169.643191
6.700000	169.643191
6.710000	169.643191
6.720000	174.614116
6.730000	174.614116
6.740000	174.614116
6.750000	174.614116
6.760000	174.614116
6.770000	174.614116
6.780000	174.614116
6.790000	174.614116
6.800000	174.614116
6.810000	174.614116
6.820000	174.614116
6.830000	174.614116
6.840000	174.614116
6.850000	174.614116
6.860000	174.614116
6.870000	174.614116
6.880000	169.643191
6.890000	169.643191
6.900000	169.643191
6.910000	169.643191
6.920000	169.643191
6.930000	174.614116
6.940000	174.614116
6.950000	174.614116
6.960000	174.614116
6.970000	174.614116
6.980000	174.614116
6.990000	174.614116
7.000000	174.614116
7.010000	174.614116
7.020000	174.614116
7.030000	174.614116
7.040000	174.614116
7.050000	174.614116
7.060000	174.614116
7.070000	174.614116
7.080000	174.614116
7.090000	174.614116
7.100000	174.614116
7.110000	174.614116
7.120000	174.614116
7.130000	174.614116
7.140000	174.614116
7.150000	174.614116
7.160000	174.614116
7.170000	174.614116
7.180000	174.614116
7.190000	174.614116
7.200000	174.614116
7.210000	174.614116
7.220000	174.614116
7.230000	174.614116
7.240000	174.614116
7.250000	174.614116
7.260000	174.614116
7.270000	174.614116
7.280000	174.614116
7.290000	174.614116
7.300000	174.614116
7.310000	174.614116
7.320000	174.614116
7.330000	0.000000
7.340000	0.000000
7.350000	174.614116
7.360000	174.614116
7.370000	174.614116
7.380000	174.614116
7.390000	174.614116
7.400000	174.614116
7.410000	174.614116
7.420000	174.614116
7.430000	174.614116
7.440000	174.614116
7.450000	174.614116
7.460000	174.614116
7.470000	174.614116
7.480000	174.614116
7.490000	174.614116
7.500000	174.614116
7.510000	174.614116
7.520000	177.153937
7.530000	273.208719
7.540000	277.182631
7.550000	277.182631
7.560000	277.182631
7.570000	277.182631
7.580000	277.182631
7.590000	277.182631
7.600000	0.000000
7.610000	0.000000
7.620000	0.000000
7.630000	0.000000
7.640000	0.000000
7.650000	277.182631
7.660000	277.182631
7.670000	277.182631
7.680000	277.182631
7.690000	277.182631
7.700000	277.182631
7.710000	0.000000
7.720000	0.000000
7.730000	0.000000
7.740000	0.000000
7.750000	0.000000
7.760000	0.000000
7.770000	0.000000
7.780000	0.000000
7.790000	0.000000
7.800000	0.000000
7.810000	0.000000
7.820000	0.000000
7.830000	277.182631
7.840000	0.000000
7.850000	0.000000
7.860000	277.182631
7.870000	277.182631
7.880000	0.000000
7.890000	0.000000
7.900000	277.182631
7.910000	277.182631
7.920000	277.182631
7.930000	277.182631
7.940000	277.182631
7.950000	277.182631
7.960000	277.182631
7.970000	277.182631
7.980000	277.182631
7.990000	277.182631
8.000000	277.182631
8.010000	277.182631
8.020000	277.182631
8.030000	277.182631
8.040000	277.182631
8.050000	277.182631
8.060000	277.182631
8.070000	277.182631
8.080000	277.182631
8.090000	285.304702
8.100000	136.604359
8.110000	134.645890
8.120000	134.645890
8.130000	134.645890
8.140000	134.645890
8.150000	0.000000
8.160000	0.000000
8.170000	0.000000
8.180000	0.000000
8.190000	198.848570
8.200000	198.848570
8.210000	198.848570
8.220000	201.740890
8.230000	201.740890
8.240000	201.740890
8.250000	207.652349
8.260000	207.652349
8.270000	207.652349
8.280000	210.672722
8.290000	210.672722
8.300000	210.672722
8.310000	207.652349
8.320000	207.652349
8.330000	207.652349
8.340000	207.652349
8.350000	273.208719
8.360000	277.182631
8.370000	277.182631
8.380000	277.182631
8.390000	277.182631
8.400000	277.182631
8.410000	277.182631
8.420000	277.182631
8.430000	277.182631
8.440000	285.304702
8.450000	136.604359
8.460000	0.000000
8.470000	0.000000
8.480000	128.937346
8.490000	130.812783
8.500000	174.614116
8.510000	182.344943
8.520000	184.997211
8.530000	184.997211
8.540000	184.997211
8.550000	184.997211
8.560000	184.997211
8.570000	187.688058
8.580000	190.418043
8.590000	195.997718
8.600000	195.997718
8.610000	204.675278
8.620000	207.652349
8.630000	207.652349
8.640000	207.652349
8.650000	207.652349
8.660000	210.672722
8.670000	210.672722
8.680000	210.672722
8.690000	210.672722
8.700000	210.672722
8.710000	210.672722
8.720000	210.672722
8.730000	210.672722
8.740000	210.672722
8.750000	210.672722
8.760000	210.672722
8.770000	210.672722
8.780000	207.652349
8.790000	207.652349
8.800000	207.652349
8.810000	207.652349
8.820000	207.652349
8.830000	207.652349
8.840000	207.652349
8.850000	207.652349
8.860000	204.675278
8.870000	201.740890
8.880000	198.848570
8.890000	198.848570
8.900000	198.848570
8.910000	195.997718
8.920000	195.997718
8.930000	0.000000
8.940000	0.000000
8.950000	0.000000
8.960000	0.000000
8.970000	195.997718
8.980000	195.997718
8.990000	195.997718
9.000000	195.997718
9.010000	0.000000
9.020000	195.997718
9.030000	195.997718
9.040000	195.997718
9.050000	195.997718
9.060000	195.997718
9.070000	195.997718
9.080000	195.997718
9.090000	0.000000
9.100000	0.000000
9.110000	195.997718
9.120000	0.000000
9.130000	0.000000
9.140000	195.997718
9.150000	195.997718
9.160000	195.997718
9.170000	195.997718
9.180000	195.997718
9.190000	195.997718
9.200000	195.997718
9.210000	195.997718
9.220000	195.997718
9.230000	195.997718
9.240000	195.997718
9.250000	195.997718
9.260000	195.997718
9.270000	195.997718
9.280000	195.997718
9.290000	195.997718
9.300000	195.997718
9.310000	195.997718
9.320000	195.997718
9.330000	195.997718
9.340000	195.997718
9.350000	195.997718
9.360000	195.997718
9.370000	195.997718
9.380000	195.997718
9.390000	195.997718
9.400000	195.997718
9.410000	195.997718
9.420000	195.997718
9.430000	195.997718
9.440000	195.997718
9.450000	0.000000
9.460000	0.000000
9.470000	0.000000
9.480000	0.000000
9.490000	0.000000
9.500000	250.533500
9.510000	261.625565
9.520000	261.625565
9.530000	261.625565
9.540000	261.625565
9.550000	0.000000
9.560000	0.000000
9.570000	0.000000
9.580000	0.000000
9.590000	0.000000
9.600000	0.000000
9.610000	0.000000
9.620000	0.000000
9.630000	0.000000
9.640000	0.000000
9.650000	0.000000
9.660000	0.000000
9.670000	0.000000
9.680000	261.625565
9.690000	0.000000
9.700000	0.000000
9.710000	261.625565
9.720000	261.625565
9.730000	261.625565
9.740000	261.625565
9.750000	261.625565
9.760000	261.625565
9.770000	261.625565
9.780000	261.625565
9.790000	265.430997
9.800000	195.997718
9.810000	195.997718
9.820000	195.997718
9.830000	195.997718
9.840000	195.997718
9.850000	187.688058
9.860000	132.715498
9.870000	130.812783
9.880000	130.812783
9.890000	127.088797
9.900000	269.291780
9.910000	261.625565
9.920000	261.625565
9.930000	261.625565
9.940000	261.625565
9.950000	261.625565
9.960000	261.625565
9.970000	261.625565
9.980000	261.625565
9.990000	0.000000
10.000000	0.000000
10.010000	0.000000
10.020000	0.000000
10.030000	0.000000
10.040000	0.000000
10.050000	0.000000
10.060000	0.000000
10.070000	0.000000
10.080000	0.000000
10.090000	0.000000
10.100000	0.000000
10.110000	0.000000
10.120000	0.000000
10.130000	0.000000
10.140000	0.000000
10.150000	0.000000
10.160000	0.000000
10.170000	0.000000
10.180000	0.000000
10.190000	0.000000
10.200000	0.000000
10.210000	0.000000
10.220000	0.000000
10.230000	0.000000
10.240000	0.000000
10.250000	0.000000
10.260000	0.000000
10.270000	0.000000
10.280000	349.228231
10.290000	349.228231
10.300000	349.228231
10.310000	349.228231
10.320000	349.228231
10.330000	349.228231
10.340000	349.228231
10.350000	349.228231
10.360000	349.228231
10.370000	349.228231
10.380000	349.228231
10.390000	349.228231
10.400000	349.228231
10.410000	349.228231
10.420000	349.228231
10.430000	349.228231
10.440000	349.228231
10.450000	0.000000
10.460000	0.000000
10.470000	0.000000
10.480000	254.177593
10.490000	128.937346
10.500000	127.088797
10.510000	127.088797
10.520000	127.088797
10.530000	127.088797
10.540000	127.088797
10.550000	127.088797
10.560000	127.088797
10.570000	127.088797
10.580000	127.088797
10.590000	127.088797
10.600000	127.088797
10.610000	127.088797
10.620000	127.088797
10.630000	127.088797
10.640000	127.088797
10.650000	127.088797
10.660000	127.088797
10.670000	127.088797
10.680000	127.088797
10.690000	127.088797
10.700000	127.088797
10.710000	127.088797
10.720000	127.088797
10.730000	127.088797
10.740000	128.937346
10.750000	128.937346
10.760000	130.812783
10.770000	130.812783
10.780000	130.812783
10.790000	130.812783
10.800000	132.715498
10.810000	132.715498
10.820000	132.715498
10.830000	132.715498
10.840000	132.715498
10.850000	132.715498
10.860000	134.645890
10.870000	134.645890
10.880000	138.591315
10.890000	142.652351
10.900000	142.652351
10.910000	146.832384
10.920000	151.134901
10.930000	155.563492
10.940000	155.563492
10.950000	155.563492
10.960000	155.563492
10.970000	160.121850
10.980000	164.813778
10.990000	164.813778
11.000000	167.211050
11.010000	169.643191
11.020000	169.643191
11.030000	169.643191
11.040000	169.643191
11.050000	169.643191
11.060000	169.643191
11.070000	169.643191
11.080000	169.643191
11.090000	169.643191
11.100000	169.643191
11.110000	169.643191
11.120000	174.614116
11.130000	174.614116
11.140000	174.614116
11.150000	174.614116
11.160000	179.730700
11.170000	179.730700
11.180000	179.730700
11.190000	179.730700
11.200000	179.730700
11.210000	174.614116
11.220000	167.211050
11.230000	344.221416
11.240000	349.228231
11.250000	349.228231
11.260000	349.228231
11.270000	349.228231
11.280000	349.228231
11.290000	349.228231
11.300000	349.228231
11.310000	349.228231
11.320000	349.228231
11.330000	349.228231
11.340000	349.228231
11.350000	349.228231
11.360000	349.228231
11.370000	0.000000
11.380000	0.000000
11.390000	254.177593
11.400000	174.614116
11.410000	0.000000
11.420000	0.000000
11.430000	174.614116
11.440000	174.614116
11.450000	174.614116
11.460000	174.614116
11.470000	174.614116
11.480000	174.614116
11.490000	174.614116
11.500000	174.614116
11.510000	174.614116
11.520000	174.614116
11.530000	177.153937
11.540000	177.153937
11.550000	177.153937
11.560000	177.153937
11.570000	179.730700
11.580000	179.730700
11.590000	179.730700
11.600000	184.997211
11.610000	184.997211
11.620000	184.997211
11.630000	184.997211
11.640000	184.997211
11.650000	190.418043
11.660000	193.187738
11.670000	195.997718
11.680000	195.997718
11.690000	198.848570
11.700000	198.848570
11.710000	198.848570
11.720000	198.848570
11.730000	198.848570
11.740000	195.997718
11.750000	195.997718
11.760000	195.997718
11.770000	195.997718
11.780000	195.997718
11.790000	195.997718
11.800000	195.997718
11.810000	195.997718
11.820000	195.997718
11.830000	195.997718
11.840000	195.997718
11.850000	195.997718
11.860000	195.997718
11.870000	195.997718
11.880000	195.997718
11.890000	195.997718
11.900000	195.997718
11.910000	195.997718
11.920000	195.997718
11.930000	195.997718
11.940000	195.997718
11.950000	195.997718
11.960000	195.997718
11.970000	195.997718
11.980000	354.307873
11.990000	349.228231
12.000000	349.228231
12.010000	349.228231
12.020000	349.228231
12.030000	349.228231
12.040000	349.228231
12.050000	344.221416
12.060000	344.221416
12.070000	344.221416
12.080000	349.228231
12.090000	349.228231
12.100000	349.228231
12.110000	349.228231
12.120000	349.228231
12.130000	349.228231
12.140000	349.228231
12.150000	349.228231
12.160000	349.228231
12.170000	349.228231
12.180000	349.228231
12.190000	349.228231
12.200000	339.286382
12.210000	339.286382
12.220000	339.286382
12.230000	339.286382
12.240000	339.286382
12.250000	349.228231
12.260000	349.228231
12.270000	349.228231
12.280000	344.221416
12.290000	344.221416
12.300000	0.000000
12.310000	0.000000
12.320000	0.000000
12.330000	0.000000
12.340000	329.627557
12.350000	329.627557
12.360000	339.286382
12.370000	339.286382
12.380000	339.286382
12.390000	339.286382
12.400000	339.286382
12.410000	339.286382
12.420000	329.627557
12.430000	329.627557
12.440000	329.627557
12.450000	329.627557
12.460000	329.627557
12.470000	329.627557
12.480000	349.228231
12.490000	349.228231
12.500000	349.228231
12.510000	349.228231
12.520000	349.228231
12.530000	349.228231
12.540000	349.228231
12.550000	339.286382
12.560000	339.286382
12.570000	339.286382
12.580000	339.286382
12.590000	339.286382
12.600000	344.221416
12.610000	344.221416
12.620000	344.221416
12.630000	349.228231
12.640000	349.228231
12.650000	349.228231
12.660000	329.627557
12.670000	329.627557
12.680000	329.627557
12.690000	329.627557
12.700000	329.627557
12.710000	285.304702
12.720000	195.997718
12.730000	195.997718
12.740000	195.997718
12.750000	195.997718
12.760000	195.997718
12.770000	195.997718
12.780000	195.997718
12.790000	195.997718
12.800000	195.997718
12.810000	195.997718
12.820000	195.997718
12.830000	195.997718
12.840000	195.997718
12.850000	195.997718
12.860000	195.997718
12.870000	195.997718
12.880000	195.997718
12.890000	195.997718
12.900000	195.997718
12.910000	195.997718
12.920000	354.307873
12.930000	349.228231
12.940000	339.286382
12.950000	339.286382
12.960000	339.286382
12.970000	339.286382
12.980000	339.286382
12.990000	339.286382
13.000000	334.422100
13.010000	329.627557
13.020000	329.627557
13.030000	329.627557
13.040000	329.627557
13.050000	329.627557
13.060000	329.627557
13.070000	329.627557
13.080000	329.627557
13.090000	329.627557
13.100000	329.627557
13.110000	329.627557
13.120000	344.221416
13.130000	344.221416
13.140000	344.221416
13.150000	344.221416
13.160000	344.221416
13.170000	339.286382
13.180000	339.286382
13.190000	339.286382
13.200000	339.286382
13.210000	339.286382
13.220000	329.627557
13.230000	329.627557
13.240000	329.627557
13.250000	329.627557
13.260000	329.627557
13.270000	329.627557
13.280000	329.627557
13.290000	329.627557
13.300000	329.627557
13.310000	329.627557
13.320000	329.627557
13.330000	329.627557
13.340000	329.627557
13.350000	329.627557
13.360000	329.627557
13.370000	349.228231
13.380000	349.228231
13.390000	349.228231
13.400000	349.228231
13.410000	349.228231
13.420000	380.836087
13.430000	195.997718
13.440000	195.997718
13.450000	198.848570
13.460000	198.848570
13.470000	201.740890
13.480000	204.675278
13.490000	207.652349
13.500000	207.652349
13.510000	207.652349
13.520000	207.652349
13.530000	207.652349
13.540000	207.652349
13.550000	207.652349
13.560000	207.652349
13.570000	207.652349
13.580000	207.652349
13.590000	207.652349
13.600000	207.652349
13.610000	207.652349
13.620000	207.652349
13.630000	207.652349
13.640000	207.652349
13.650000	207.652349
13.660000	207.652349
13.670000	207.652349
13.680000	0.000000
13.690000	207.652349
13.700000	0.000000
13.710000	0.000000
13.720000	0.000000
13.730000	0.000000
13.740000	0.000000
13.750000	0.000000
13.760000	0.000000
13.770000	0.000000
13.780000	0.000000
13.790000	0.000000
13.800000	207.652349
13.810000	207.652349
13.820000	207.652349
13.830000	207.652349
13.840000	207.652349
13.850000	207.652349
13.860000	207.652349
13.870000	207.652349
13.880000	207.652349
13.890000	207.652349
13.900000	207.652349
13.910000	207.652349
13.920000	207.652349
13.930000	207.652349
13.940000	207.652349
13.950000	207.652349
13.960000	0.000000
13.970000	207.652349
13.980000	207.652349
13.990000	207.652349
14.000000	207.652349
14.010000	207.652349
14.020000	207.652349
14.030000	207.652349
14.040000	207.652349
14.050000	207.652349
14.060000	207.652349
14.070000	207.652349
14.080000	220.000000
14.090000	220.000000
14.100000	220.000000
14.110000	220.000000
14.120000	220.000000
14.130000	220.000000
14.140000	207.652349
14.150000	207.652349
14.160000	269.291780
14.170000	269.291780
14.180000	273.208719
14.190000	273.208719
14.200000	273.208719
14.210000	273.208719
14.220000	273.208719
14.230000	265.430997
14.240000	265.430997
14.250000	265.430997
14.260000	261.625565
14.270000	261.625565
14.280000	261.625565
14.290000	261.625565
14.300000	261.625565
14.310000	261.625565
14.320000	261.625565
14.330000	261.625565
14.340000	261.625565
14.350000	261.625565
14.360000	261.625565
14.370000	265.430997
14.380000	273.208719
14.390000	277.182631
14.400000	277.182631
14.410000	277.182631
14.420000	277.182631
14.430000	273.208719
14.440000	273.208719
14.450000	261.625565
14.460000	261.625565
14.470000	261.625565
14.480000	261.625565
14.490000	261.625565
14.500000	261.625565
14.510000	261.625565
14.520000	261.625565
14.530000	261.625565
14.540000	261.625565
14.550000	261.625565
14.560000	254.177593
14.570000	174.614116
14.580000	179.730700
14.590000	184.997211
14.600000	184.997211
14.610000	190.418043
14.620000	195.997718
14.630000	195.997718
14.640000	201.740890
14.650000	204.675278
14.660000	207.652349
14.670000	207.652349
14.680000	207.652349
14.690000	207.652349
14.700000	207.652349
14.710000	204.675278
14.720000	195.997718
14.730000	195.997718
14.740000	195.997718
14.750000	195.997718
14.760000	193.187738
14.770000	193.187738
14.780000	193.187738
14.790000	193.187738
14.800000	193.187738
14.810000	193.187738
14.820000	195.997718
14.830000	195.997718
14.840000	195.997718
14.850000	195.997718
14.860000	195.997718
14.870000	195.997718
14.880000	198.848570
14.890000	198.848570
14.900000	201.740890
14.910000	201.740890
14.920000	201.740890
14.930000	201.740890
14.940000	201.740890
14.950000	207.652349
14.960000	207.652349
14.970000	207.652349
14.980000	207.652349
14.990000	207.652349
15.000000	207.652349
15.010000	273.208719
15.020000	277.182631
15.030000	277.182631
15.040000	277.182631
15.050000	277.182631
15.060000	277.182631
15.070000	0.000000
15.080000	273.208719
15.090000	273.208719
15.100000	269.291780
15.110000	261.625565
15.120000	261.625565
15.130000	261.625565
15.140000	261.625565
15.150000	261.625565
15.160000	261.625565
15.170000	261.625565
15.180000	261.625565
15.190000	261.625565
15.200000	261.625565
15.210000	261.625565
15.220000	261.625565
15.230000	261.625565
15.240000	0.000000
15.250000	0.000000
15.260000	0.000000
15.270000	0.000000
15.280000	198.848570
15.290000	198.848570
15.300000	198.848570
15.310000	198.848570
15.320000	198.848570
15.330000	195.997718
15.340000	195.997718
15.350000	195.997718
15.360000	195.997718
15.370000	195.997718
15.380000	195.997718
15.390000	195.997718
15.400000	195.997718
15.410000	195.997718
15.420000	195.997718
15.430000	195.997718
15.440000	195.997718
15.450000	0.000000
15.460000	0.000000
15.470000	0.000000
15.480000	0.000000
15.490000	0.000000
15.500000	195.997718
15.510000	195.997718
15.520000	195.997718
15.530000	0.000000
15.540000	0.000000
15.550000	0.000000
15.560000	195.997718
15.570000	195.997718
15.580000	195.997718
15.590000	195.997718
15.600000	195.997718
15.610000	195.997718
15.620000	195.997718
15.630000	195.997718
15.640000	195.997718
15.650000	195.997718
15.660000	195.997718
15.670000	195.997718
15.680000	195.997718
15.690000	195.997718
15.700000	195.997718
15.710000	195.997718
15.720000	195.997718
15.730000	195.997718
15.740000	195.997718
15.750000	195.997718
15.760000	195.997718
15.770000	195.997718
15.780000	195.997718
15.790000	195.997718
15.800000	195.997718
15.810000	195.997718
15.820000	195.997718
15.830000	195.997718
15.840000	195.997718
15.850000	195.997718
15.860000	193.187738
15.870000	195.997718
15.880000	195.997718
15.890000	195.997718
15.900000	195.997718
15.910000	195.997718
15.920000	195.997718
15.930000	0.000000
15.940000	0.000000
15.950000	195.997718
15.960000	195.997718
15.970000	0.000000
15.980000	195.997718
15.990000	0.000000
16.000000	0.000000
16.010000	0.000000
16.020000	0.000000
16.030000	0.000000
16.040000	195.997718
16.050000	195.997718
16.060000	195.997718
16.070000	195.997718
16.080000	195.997718
16.090000	195.997718
16.100000	195.997718
16.110000	195.997718
16.120000	195.997718
16.130000	195.997718
16.140000	198.848570
16.150000	198.848570
16.160000	198.848570
16.170000	201.740890
16.180000	198.848570
16.190000	198.848570
16.200000	195.997718
16.210000	195.997718
16.220000	195.997718
16.230000	195.997718
16.240000	195.997718
16.250000	195.997718
16.260000	195.997718
16.270000	195.997718
16.280000	195.997718
16.290000	195.997718
16.300000	195.997718
16.310000	195.997718
16.320000	195.997718
16.330000	195.997718
16.340000	198.848570
16.350000	198.848570
16.360000	198.848570
16.370000	198.848570
16.380000	198.848570
16.390000	198.848570
16.400000	195.997718
16.410000	195.997718
16.420000	0.000000
16.430000	0.000000
16.440000	195.997718
16.450000	0.000000
16.460000	195.997718
16.470000	195.997718
16.480000	198.848570
16.490000	198.848570
16.500000	201.740890
16.510000	201.740890
16.520000	195.997718
16.530000	195.997718
16.540000	195.997718
16.550000	193.187738
16.560000	190.418043
16.570000	184.997211
16.580000	179.730700
16.590000	174.614116
16.600000	174.614116
16.610000	174.614116
16.620000	174.614116
16.630000	174.614116
16.640000	174.614116
16.650000	174.614116
16.660000	174.614116
16.670000	174.614116
16.680000	174.614116
16.690000	174.614116
16.700000	174.614116
16.710000	174.614116
16.720000	174.614116
16.730000	174.614116
16.740000	174.614116
16.750000	174.614116
16.760000	174.614116
16.770000	174.614116
16.780000	174.614116
16.790000	174.614116
16.800000	174.614116
16.810000	174.614116
16.820000	174.614116
16.830000	0.000000
16.840000	0.000000
16.850000	0.000000
16.860000	0.000000
16.870000	0.000000
16.880000	0.000000
16.890000	0.000000
16.900000	174.614116
16.910000	174.614116
16.920000	174.614116
16.930000	174.614116
16.940000	0.000000
16.950000	0.000000
16.960000	0.000000
16.970000	0.000000
16.980000	174.614116
16.990000	174.614116
17.000000	174.614116
17.010000	174.614116
17.020000	174.614116
17.030000	174.614116
17.040000	174.614116
17.050000	174.614116
17.060000	174.614116
17.070000	174.614116
17.080000	174.614116
17.090000	174.614116
17.100000	174.614116
17.110000	174.614116
17.120000	174.614116
17.130000	174.614116
17.140000	174.614116
17.150000	174.614116
17.160000	174.614116
17.170000	174.614116
17.180000	174.614116
17.190000	174.614116
17.200000	174.614116
17.210000	174.614116
17.220000	174.614116
17.230000	177.153937
17.240000	233.081881
17.250000	236.472135
17.260000	236.472135
17.270000	250.533500
17.280000	250.533500
17.290000	0.000000
17.300000	0.000000
17.310000	174.614116
17.320000	174.614116
17.330000	174.614116
17.340000	174.614116
17.350000	174.614116
17.360000	0.000000
17.370000	0.000000
17.380000	174.614116
17.390000	174.614116
17.400000	174.614116
17.410000	174.614116
17.420000	174.614116
17.430000	174.614116
17.440000	174.614116
17.450000	174.614116
17.460000	174.614116
17.470000	174.614116
17.480000	174.614116
17.490000	174.614116
17.500000	174.614116
17.510000	174.614116
17.520000	174.614116
17.530000	174.614116
17.540000	174.614116
17.550000	174.614116
17.560000	174.614116
17.570000	174.614116
17.580000	174.614116
17.590000	177.153937
17.600000	177.153937
17.610000	177.153937
17.620000	177.153937
17.630000	177.153937
17.640000	177.153937
17.650000	177.153937
17.660000	177.153937
17.670000	177.153937
17.680000	174.614116
17.690000	174.614116
17.700000	174.614116
17.710000	174.614116
17.720000	174.614116
17.730000	174.614116
17.740000	0.000000
17.750000	0.000000
17.760000	0.000000
17.770000	0.000000
17.780000	0.000000
17.790000	0.000000
17.800000	0.000000
17.810000	0.000000
17.820000	0.000000
17.830000	0.000000
17.840000	0.000000
17.850000	207.652349
17.860000	207.652349
17.870000	207.652349
17.880000	207.652349
17.890000	207.652349
17.900000	0.000000
17.910000	0.000000
17.920000	0.000000
17.930000	0.000000
17.940000	0.000000
17.950000	0.000000
17.960000	0.000000
17.970000	0.000000
17.980000	0.000000
17.990000	207.652349
18.000000	207.652349
18.010000	207.652349
18.020000	207.652349
18.030000	207.652349
18.040000	207.652349
18.050000	207.652349
18.060000	207.652349
18.070000	207.652349
18.080000	207.652349
18.090000	207.652349
18.100000	207.652349
18.110000	207.652349
18.120000	207.652349
18.130000	207.652349
18.140000	213.737027
18.150000	213.737027
18.160000	220.000000
18.170000	220.000000
18.180000	220.000000
18.190000	184.997211
18.200000	184.997211
18.210000	184.997211
18.220000	184.997211
18.230000	190.418043
18.240000	195.997718
18.250000	195.997718
18.260000	198.848570
18.270000	201.740890
18.280000	204.675278
18.290000	207.652349
18.300000	207.652349
18.310000	207.652349
18.320000	207.652349
18.330000	207.652349
18.340000	207.652349
18.350000	207.652349
18.360000	207.652349
18.370000	207.652349
18.380000	201.740890
18.390000	195.997718
18.400000	195.997718
18.410000	195.997718
18.420000	195.997718
18.430000	195.997718
18.440000	193.187738
18.450000	190.418043
18.460000	190.418043
18.470000	190.418043
18.480000	190.418043
18.490000	190.418043
18.500000	190.418043
18.510000	195.997718
18.520000	195.997718
18.530000	198.848570
18.540000	201.740890
18.550000	207.652349
18.560000	207.652349
18.570000	207.652349
18.580000	207.652349
18.590000	207.652349
18.600000	207.652349
18.610000	207.652349
18.620000	207.652349
18.630000	207.652349
18.640000	207.652349
18.650000	207.652349
18.660000	207.652349
18.670000	207.652349
18.680000	0.000000
18.690000	0.000000
18.700000	0.000000
18.710000	0.000000
18.720000	0.000000
18.730000	0.000000
18.740000	0.000000
18.750000	207.652349
18.760000	207.652349
18.770000	207.652349
18.780000	207.652349
18.790000	207.652349
18.800000	207.652349
18.810000	207.652349
18.820000	0.000000
18.830000	0.000000
18.840000	0.000000
18.850000	198.848570
18.860000	198.848570
18.870000	198.848570
18.880000	198.848570
18.890000	198.848570
18.900000	198.848570
18.910000	198.848570
18.920000	195.997718
18.930000	195.997718
18.940000	195.997718
18.950000	195.997718
18.960000	195.997718
18.970000	195.997718
18.980000	195.997718
18.990000	195.997718
19.000000	195.997718
19.010000	195.997718
19.020000	195.997718
19.030000	195.997718
19.040000	195.997718
19.050000	195.997718
19.060000	195.997718
19.070000	195.997718
19.080000	195.997718
19.090000	195.997718
19.100000	195.997718
19.110000	195.997718
19.120000	195.997718
19.130000	195.997718
19.140000	195.997718
19.150000	195.997718
19.160000	195.997718
19.170000	195.997718
19.180000	195.997718
19.190000	195.997718
19.200000	195.997718
19.210000	195.997718
19.220000	195.997718
19.230000	195.997718
19.240000	195.997718
19.250000	195.997718
19.260000	195.997718
19.270000	195.997718
19.280000	195.997718
19.290000	195.997718
19.300000	195.997718
19.310000	195.997718
19.320000	195.997718
19.330000	195.997718
19.340000	195.997718
19.350000	195.997718
19.360000	195.997718
19.370000	195.997718
19.380000	195.997718
19.390000	195.997718
19.400000	195.997718
19.410000	195.997718
19.420000	195.997718
19.430000	195.997718
19.440000	195.997718
19.450000	195.997718
19.460000	195.997718
19.470000	195.997718
19.480000	195.997718
19.490000	195.997718
19.500000	195.997718
19.510000	195.997718
19.520000	195.997718
19.530000	195.997718
19.540000	195.997718
19.550000	195.997718
19.560000	195.997718
19.570000	195.997718
19.580000	195.997718
19.590000	195.997718
19.600000	195.997718
19.610000	195.997718
19.620000	195.997718
19.630000	195.997718
19.640000	195.997718
19.650000	195.997718
19.660000	195.997718
19.670000	195.997718
19.680000	195.997718
19.690000	195.997718
19.700000	195.997718
19.710000	195.997718
19.720000	195.997718
19.730000	195.997718
19.740000	195.997718
19.750000	195.997718
19.760000	195.997718
19.770000	195.997718
19.780000	195.997718
19.790000	195.997718
19.800000	195.997718
19.810000	195.997718
19.820000	195.997718
19.830000	195.997718
19.840000	195.997718
19.850000	195.997718
19.860000	195.997718
19.870000	195.997718
19.880000	195.997718
19.890000	195.997718
19.900000	195.997718
19.910000	195.997718
19.920000	195.997718
19.930000	195.997718
19.940000	195.997718
19.950000	195.997718
19.960000	195.997718
19.970000	195.997718
19.980000	195.997718
19.990000	195.997718
20.000000	195.997718
20.010000	195.997718
20.020000	195.997718
20.030000	195.997718
20.040000	195.997718
20.050000	195.997718
20.060000	195.997718
20.070000	195.997718
20.080000	195.997718
20.090000	195.997718
20.100000	195.997718
20.110000	195.997718
20.120000	195.997718
20.130000	195.997718
20.140000	195.997718
20.150000	195.997718
20.160000	195.997718
20.170000	195.997718
20.180000	195.997718
20.190000	195.997718
20.200000	195.997718
20.210000	195.997718
20.220000	195.997718
20.230000	195.997718
20.240000	195.997718
20.250000	195.997718
20.260000	195.997718
20.270000	195.997718
20.280000	195.997718
20.290000	195.997718
20.300000	195.997718
20.310000	195.997718
20.320000	195.997718
20.330000	195.997718
20.340000	195.997718
20.350000	195.997718
20.360000	195.997718
20.370000	195.997718
20.380000	195.997718
20.390000	195.997718
20.400000	195.997718
20.410000	195.997718
20.420000	195.997718
20.430000	195.997718
20.440000	195.997718
20.450000	195.997718
20.460000	195.997718
20.470000	195.997718
20.480000	195.997718
20.490000	195.997718
20.500000	195.997718
20.510000	195.997718
20.520000	195.997718
20.530000	195.997718
20.540000	195.997718
20.550000	195.997718
20.560000	195.997718
20.570000	195.997718
20.580000	195.997718
20.590000	195.997718
20.600000	195.997718
20.610000	195.997718
20.620000	195.997718
20.630000	195.997718
20.640000	195.997718
20.650000	195.997718
20.660000	195.997718
20.670000	195.997718
20.680000	195.997718
20.690000	195.997718
20.700000	195.997718
20.710000	195.997718
20.720000	195.997718
20.730000	195.997718
20.740000	195.997718
20.750000	195.997718
20.760000	195.997718
20.770000	195.997718
20.780000	195.997718
20.790000	195.997718
20.800000	195.997718
20.810000	195.997718
20.820000	195.997718
20.830000	195.997718
20.840000	195.997718
20.850000	195.997718
20.860000	195.997718
20.870000	195.997718
20.880000	195.997718
20.890000	195.997718
20.900000	195.997718
20.910000	195.997718
20.920000	195.997718
20.930000	195.997718
20.940000	195.997718
20.950000	195.997718
20.960000	195.997718
20.970000	195.997718
20.980000	195.997718
20.990000	195.997718
21.000000	195.997718
21.010000	195.997718
21.020000	195.997718
21.030000	195.997718
21.040000	195.997718
21.050000	195.997718
21.060000	195.997718
21.070000	195.997718
21.080000	198.848570
21.090000	201.740890
21.100000	201.740890
21.110000	201.740890
21.120000	204.675278
21.130000	204.675278
21.140000	184.997211
21.150000	184.997211
21.160000	184.997211
21.170000	0.000000
21.180000	0.000000
21.190000	0.000000
21.200000	0.000000
21.210000	0.000000
21.220000	0.000000
21.230000	0.000000
21.240000	0.000000
21.250000	0.000000
21.260000	0.000000
21.270000	0.000000
21.280000	0.000000
21.290000	0.000000
21.300000	0.000000
21.310000	0.000000
21.320000	0.000000
21.330000	0.000000
21.340000	0.000000
21.350000	0.000000
21.360000	0.000000
21.370000	0.000000
21.380000	0.000000
21.390000	0.000000
21.400000	0.000000
21.410000	0.000000
21.420000	0.000000
21.430000	0.000000
21.440000	0.000000
21.450000	0.000000
21.460000	0.000000
21.470000	0.000000
21.480000	0.000000
21.490000	0.000000
21.500000	0.000000
21.510000	0.000000
21.520000	0.000000
21.530000	0.000000
21.540000	0.000000
21.550000	0.000000
21.560000	0.000000
21.570000	0.000000
21.580000	0.000000
21.590000	0.000000
21.600000	0.000000
21.610000	0.000000
21.620000	0.000000
21.630000	0.000000
21.640000	0.000000
21.650000	0.000000
